
Metodo de euler
y(0) = 0
H = 0.100000000000000
0 0
1 0.100000000000000
2 0.230000000000000
3 0.402000000000000
4 0.632800000000000
5 0.945920000000000
6 1.37428800000000
7 1.96400320000000
8 2.77960448000000
9 3.91144627200000
10 5.48602478080000
11 7.68043469312000
12 10.7426085703680
13 15.0196519985152
14 20.9975127979213
15 29.3565179170898
16 41.0491250839257
17 57.4087751174960
18 80.3022851644944
19 112.343199230292
20 157.190478922409

Metodo de euler_inverso
y(0) = 0
H = 0.100000000000000
0 0
1 0.130000000000000
2 0.318800000000000
3 0.599328000000000
4 1.02295168000000
5 1.66980462080000
6 2.66489520844800
7 4.20323652517888
8 6.58904897927905
9 10.2969164076753
10 16.0671895959735
11 25.0548157697187
12 39.0615126007611
13 60.8979596571874
14 94.9488170652123
15 148.054154621731
16 230.884481209901
17 360.085790687445
18 561.625833472414
19 876.014300216966
20 1366.44630833847

Metodo de euler_aprimorado
y(0) = 0
H = 0.100000000000000
0 0
1 0.115000000000000
2 0.273200000000000
3 0.495336000000000
4 0.812097280000000
5 1.26890397440000
6 1.93297788211200
7 2.90380726552576
8 4.32863475297813
9 6.42537943440763
10 9.51656156292329
11 14.0795111131265
12 20.8206764474272
13 30.7856011421922
14 45.5216896904445
15 67.3191007418578
16 99.5672690979496
17 147.282558264965
18 217.889186232149
19 322.374995623580
20 477.001993522899

Metodo de runge_kutta
y(0) = 0
H = 0.100000000000000
0 0
1 0.117200000000000
2 0.279737813333333
3 0.509907554076445
4 0.840966095334301
5 1.32252382328002
6 2.02858620464758
7 3.06954966101296
8 4.61009621432173
9 6.89588752611087
10 10.2933852856171
11 15.3492526100646
12 22.8789650935203
13 34.0989948621740
14 50.8239939357338
15 75.7609392203986
16 112.947918399709
17 168.408681474126
18 251.129057111003
19 374.513505461054
20 558.557906546436

Metodo de adam_bashforth_by_euler_
y(0) = 0
H = 0.100000000000000
0 0
1 0.100000000000000
2 0.230000000000000
3 0.402000000000000
4 0.632800000000000
5 0.945920000000000
6 1.50009706666667
7 2.37881331318519
8 3.63720018286947
9 5.47635244023566
10 8.23703608799522
11 12.3531670964325
12 18.4566446711601
13 27.5386150253863
14 41.0806375010096
15 61.2602583043342
16 91.3252356072763
17 136.137283566148
18 202.941766012752
19 302.528965934649
20 450.989640269178

Metodo de adam_bashforth_by_eulerinverso_
y(0) = 0
H = 0.100000000000000
0 0
1 0.130000000000000
2 0.318800000000000
3 0.599328000000000
4 1.02295168000000
5 1.66980462080000
6 2.61533321625600
7 3.99601485452459
8 6.04706467244120
9 9.10187923597787
10 13.6395883070829
11 20.3873056775740
12 30.4387532033151
13 45.4153454185304
14 67.7294554697363
15 100.984130063451
16 150.553634250392
17 224.446253369080
18 334.600673325540
19 498.819335529493
20 743.644543563360

Metodo de adam_bashforth_by_euleraprimorado_
y(0) = 0
H = 0.100000000000000
0 0
1 0.115000000000000
2 0.273200000000000
3 0.495336000000000
4 0.812097280000000
5 1.26890397440000
6 1.99503496140800
7 3.09924799314745
8 4.71125557666851
9 7.09017064955381
10 10.6417509506303
11 15.9305240594605
12 23.7918391488066
13 35.4976617654728
14 52.9453208092827
15 78.9467564599263
16 117.695704097255
17 175.455104565737
18 261.560415624046
19 389.923726594912
20 581.288878656762

Metodo de adam_bashforth_by_runge_kutta
y(0) = 0
H = 0.100000000000000
0 0
1 0.117200000000000
2 0.279737813333333
3 0.509907554076445
4 0.840966095334301
5 1.32252382328002
6 2.07765006043296
7 3.21903392251744
8 4.88975643995215
9 7.35872676686794
10 11.0419352465046
11 16.5256322726768
12 24.6793853886402
13 36.8218416495812
14 54.9192721204287
15 81.8892109944075
16 122.082913054918
17 181.996391808771
18 271.312750446615
19 404.463489762450
20 602.966626428496

Metodo de adam_multon_by_euler_
y(0) = 0
H = 0.100000000000000
0 0
1 0.100000000000000
2 0.230000000000000
3 0.402000000000000
4 0.632800000000000
5 0.945920000000000
6 1.27345706666667
7 1.73394864651852
8 2.34205436615342
9 3.16818665835090
10 4.27620526844365
11 5.76969228137356
12 7.77887718513086
13 10.4839493791277
14 14.1247879376940
15 19.0257151466542
16 25.6225160920701
17 34.5021935787184
18 46.4546600610579
19 62.5432974575025
20 84.1994069433179

Metodo de adam_multon_by_eulerinverso_
y(0) = 0
H = 0.100000000000000
0 0
1 0.130000000000000
2 0.318800000000000
3 0.599328000000000
4 1.02295168000000
5 1.66980462080000
6 2.21427570585600
7 3.01921421234859
8 4.05891537872152
9 5.48624569137435
10 7.39292424034911
11 9.96689674538837
12 13.4274696564689
13 18.0878034525425
14 24.3596560221122
15 32.8025272426841
16 44.1667121105454
17 59.4636639945341
18 80.0540327538215
19 107.769761413710
20 145.076501105576

Metodo de adam_multon_by_euleraprimorado_
y(0) = 0
H = 0.100000000000000
0 0
1 0.115000000000000
2 0.273200000000000
3 0.495336000000000
4 0.812097280000000
5 1.26890397440000
6 1.69452355020800
7 2.30838939056612
8 3.10991618440215
9 4.20465410901445
10 5.66991497467301
11 7.64648756818976
12 10.3047078379678
13 13.8840745108115
14 18.7014044034687
15 25.1861383299913
16 33.9147205864598
17 45.6639383170624
18 61.4789210661625
19 82.7667161133386
20 111.421145441883

Metodo de adam_multon_by_runge_kutta
y(0) = 0
H = 0.100000000000000
0 0
1 0.117200000000000
2 0.279737813333333
3 0.509907554076445
4 0.840966095334301
5 1.32252382328002
6 1.60366559391463
7 2.08455113591223
8 2.86950138140853
9 3.84169656269595
10 5.20205902207893
11 7.00616857956441
12 9.44863037069157
13 12.7286008445873
14 17.1477628157553
15 23.0939522282607
16 31.0990209958062
17 41.8736019616548
18 56.3770784671149
19 75.8993026128251
20 102.177301424446
